

@-webkit-keyframes rotate_360 {
    0% { -webkit-transform: matrix3d(1, 0, 0, 0, 0, 1, 0, 0, 0, 0, 1, 0, 0, 0, 0, 1); transform: matrix3d(1, 0, 0, 0, 0, 1, 0, 0, 0, 0, 1, 0, 0, 0, 0, 1); }
    4.3% { -webkit-transform: matrix3d(-0.996, -0.09, 0, 0, 0.09, -0.996, 0, 0, 0, 0, 1, 0, 0, 0, 0, 1); transform: matrix3d(-0.996, -0.09, 0, 0, 0.09, -0.996, 0, 0, 0, 0, 1, 0, 0, 0, 0, 1); }
    8.61% { -webkit-transform: matrix3d(0.723, -0.691, 0, 0, 0.691, 0.723, 0, 0, 0, 0, 1, 0, 0, 0, 0, 1); transform: matrix3d(0.723, -0.691, 0, 0, 0.691, 0.723, 0, 0, 0, 0, 1, 0, 0, 0, 0, 1); }
    12.91% { -webkit-transform: matrix3d(0.947, 0.323, 0, 0, -0.323, 0.947, 0, 0, 0, 0, 1, 0, 0, 0, 0, 1); transform: matrix3d(0.947, 0.323, 0, 0, -0.323, 0.947, 0, 0, 0, 0, 1, 0, 0, 0, 0, 1); }
    17.22% { -webkit-transform: matrix3d(0.833, 0.553, 0, 0, -0.553, 0.833, 0, 0, 0, 0, 1, 0, 0, 0, 0, 1); transform: matrix3d(0.833, 0.553, 0, 0, -0.553, 0.833, 0, 0, 0, 0, 1, 0, 0, 0, 0, 1); }
    28.33% { -webkit-transform: matrix3d(0.992, 0.129, 0, 0, -0.129, 0.992, 0, 0, 0, 0, 1, 0, 0, 0, 0, 1); transform: matrix3d(0.992, 0.129, 0, 0, -0.129, 0.992, 0, 0, 0, 0, 1, 0, 0, 0, 0, 1); }
    39.44% { -webkit-transform: matrix3d(0.999, -0.039, 0, 0, 0.039, 0.999, 0, 0, 0, 0, 1, 0, 0, 0, 0, 1); transform: matrix3d(0.999, -0.039, 0, 0, 0.039, 0.999, 0, 0, 0, 0, 1, 0, 0, 0, 0, 1); }
    61.66% { -webkit-transform: matrix3d(1, 0.003, 0, 0, -0.003, 1, 0, 0, 0, 0, 1, 0, 0, 0, 0, 1); transform: matrix3d(1, 0.003, 0, 0, -0.003, 1, 0, 0, 0, 0, 1, 0, 0, 0, 0, 1); }
    83.98% { -webkit-transform: matrix3d(1, 0, 0, 0, 0, 1, 0, 0, 0, 0, 1, 0, 0, 0, 0, 1); transform: matrix3d(1, 0, 0, 0, 0, 1, 0, 0, 0, 0, 1, 0, 0, 0, 0, 1); }
    100% { -webkit-transform: matrix3d(1, 0, 0, 0, 0, 1, 0, 0, 0, 0, 1, 0, 0, 0, 0, 1); transform: matrix3d(1, 0, 0, 0, 0, 1, 0, 0, 0, 0, 1, 0, 0, 0, 0, 1); }
}

@keyframes rotate_360 {
    0% { -webkit-transform: matrix3d(1, 0, 0, 0, 0, 1, 0, 0, 0, 0, 1, 0, 0, 0, 0, 1); transform: matrix3d(1, 0, 0, 0, 0, 1, 0, 0, 0, 0, 1, 0, 0, 0, 0, 1); }
    4.3% { -webkit-transform: matrix3d(-0.996, -0.09, 0, 0, 0.09, -0.996, 0, 0, 0, 0, 1, 0, 0, 0, 0, 1); transform: matrix3d(-0.996, -0.09, 0, 0, 0.09, -0.996, 0, 0, 0, 0, 1, 0, 0, 0, 0, 1); }
    8.61% { -webkit-transform: matrix3d(0.723, -0.691, 0, 0, 0.691, 0.723, 0, 0, 0, 0, 1, 0, 0, 0, 0, 1); transform: matrix3d(0.723, -0.691, 0, 0, 0.691, 0.723, 0, 0, 0, 0, 1, 0, 0, 0, 0, 1); }
    12.91% { -webkit-transform: matrix3d(0.947, 0.323, 0, 0, -0.323, 0.947, 0, 0, 0, 0, 1, 0, 0, 0, 0, 1); transform: matrix3d(0.947, 0.323, 0, 0, -0.323, 0.947, 0, 0, 0, 0, 1, 0, 0, 0, 0, 1); }
    17.22% { -webkit-transform: matrix3d(0.833, 0.553, 0, 0, -0.553, 0.833, 0, 0, 0, 0, 1, 0, 0, 0, 0, 1); transform: matrix3d(0.833, 0.553, 0, 0, -0.553, 0.833, 0, 0, 0, 0, 1, 0, 0, 0, 0, 1); }
    28.33% { -webkit-transform: matrix3d(0.992, 0.129, 0, 0, -0.129, 0.992, 0, 0, 0, 0, 1, 0, 0, 0, 0, 1); transform: matrix3d(0.992, 0.129, 0, 0, -0.129, 0.992, 0, 0, 0, 0, 1, 0, 0, 0, 0, 1); }
    39.44% { -webkit-transform: matrix3d(0.999, -0.039, 0, 0, 0.039, 0.999, 0, 0, 0, 0, 1, 0, 0, 0, 0, 1); transform: matrix3d(0.999, -0.039, 0, 0, 0.039, 0.999, 0, 0, 0, 0, 1, 0, 0, 0, 0, 1); }
    61.66% { -webkit-transform: matrix3d(1, 0.003, 0, 0, -0.003, 1, 0, 0, 0, 0, 1, 0, 0, 0, 0, 1); transform: matrix3d(1, 0.003, 0, 0, -0.003, 1, 0, 0, 0, 0, 1, 0, 0, 0, 0, 1); }
    83.98% { -webkit-transform: matrix3d(1, 0, 0, 0, 0, 1, 0, 0, 0, 0, 1, 0, 0, 0, 0, 1); transform: matrix3d(1, 0, 0, 0, 0, 1, 0, 0, 0, 0, 1, 0, 0, 0, 0, 1); }
    100% { -webkit-transform: matrix3d(1, 0, 0, 0, 0, 1, 0, 0, 0, 0, 1, 0, 0, 0, 0, 1); transform: matrix3d(1, 0, 0, 0, 0, 1, 0, 0, 0, 0, 1, 0, 0, 0, 0, 1); }
}

